    118    201
    118    201
    118    201
    118    201
    118    201
    118    201
    118    201
    118    201
    118    201
    118    201
    118    201
    118    258
    118    182
    118    152
    118    162
     47    118
    118    144
    118    263
    118    301
    118    221
    118    321
    118    203
     65    118
    118    306
    118    297
    118    253
    118    183
    118    307
    118    169
    118    216
    118    212
    118    274
     92    118
     68    118
     91    118
    118    125
    118    189
    118    305
    118    202
    118    222
     80    118
    118    273
    118    250
    118    126
    118    204
    118    127
    118    186
    118    148
    118    129
     76    118
     78    118
    118    163
     70    118
    114    118
     77    118
    118    261
    248    261
    201    261
    150    261
    261    311
    146    261
    147    261
    258    261
    112    261
    261    313
    182    261
     67    261
    219    261
    261    299
    152    261
    261    293
    162    261
     47    261
    144    261
    261    263
    261    301
    177    261
    221    261
    261    310
    232    261
    261    321
    261    296
    123    261
    172    261
    261    292
    203    261
     65    261
    167    261
    261    306
    197    261
    261    297
    246    261
    253    261
     94    261
    183    261
    261    307
    261    276
    225    261
    169    261

